  0.000E+00  0.399E+00  0.427E+00  0.584E-01  0.325E-02  0.337E-07  0.610E-06  0.584E-01  0.325E-02 -0.802E-01  0.183E+00  0.000E+00  0.000E+00
  0.202E+01  0.398E+00  0.427E+00  0.588E-01  0.325E-02  0.383E-02  0.163E-01  0.583E-01  0.319E-02 -0.800E-01  0.183E+00  0.000E+00  0.000E+00
  0.404E+01  0.396E+00  0.425E+00  0.601E-01  0.326E-02  0.762E-02  0.325E-01  0.582E-01  0.303E-02 -0.793E-01  0.182E+00  0.000E+00  0.000E+00
  0.607E+01  0.391E+00  0.422E+00  0.622E-01  0.328E-02  0.113E-01  0.485E-01  0.580E-01  0.277E-02 -0.783E-01  0.181E+00  0.000E+00  0.000E+00
  0.809E+01  0.385E+00  0.418E+00  0.651E-01  0.332E-02  0.150E-01  0.644E-01  0.578E-01  0.240E-02 -0.769E-01  0.180E+00  0.000E+00  0.000E+00
  0.101E+02  0.378E+00  0.413E+00  0.687E-01  0.337E-02  0.184E-01  0.799E-01  0.576E-01  0.193E-02 -0.751E-01  0.178E+00  0.000E+00  0.000E+00
  0.121E+02  0.369E+00  0.406E+00  0.728E-01  0.344E-02  0.217E-01  0.951E-01  0.574E-01  0.137E-02 -0.731E-01  0.175E+00  0.000E+00  0.000E+00
  0.142E+02  0.359E+00  0.399E+00  0.774E-01  0.354E-02  0.248E-01  0.110E+00  0.574E-01  0.710E-03 -0.709E-01  0.172E+00  0.000E+00  0.000E+00
  0.162E+02  0.348E+00  0.391E+00  0.823E-01  0.366E-02  0.277E-01  0.124E+00  0.575E-01 -0.311E-04 -0.685E-01  0.169E+00  0.000E+00  0.000E+00
  0.182E+02  0.336E+00  0.382E+00  0.874E-01  0.383E-02  0.303E-01  0.138E+00  0.578E-01 -0.852E-03 -0.661E-01  0.166E+00  0.000E+00  0.000E+00
  0.202E+02  0.323E+00  0.372E+00  0.925E-01  0.404E-02  0.326E-01  0.151E+00  0.584E-01 -0.175E-02 -0.637E-01  0.162E+00  0.000E+00  0.000E+00
  0.222E+02  0.309E+00  0.361E+00  0.976E-01  0.430E-02  0.347E-01  0.164E+00  0.594E-01 -0.270E-02 -0.614E-01  0.157E+00  0.000E+00  0.000E+00
  0.243E+02  0.295E+00  0.350E+00  0.103E+00  0.461E-02  0.365E-01  0.175E+00  0.607E-01 -0.372E-02 -0.593E-01  0.153E+00  0.000E+00  0.000E+00
  0.263E+02  0.281E+00  0.338E+00  0.107E+00  0.498E-02  0.380E-01  0.187E+00  0.625E-01 -0.480E-02 -0.574E-01  0.148E+00  0.000E+00  0.000E+00
  0.283E+02  0.267E+00  0.325E+00  0.112E+00  0.542E-02  0.392E-01  0.197E+00  0.647E-01 -0.591E-02 -0.559E-01  0.143E+00  0.000E+00  0.000E+00
  0.303E+02  0.252E+00  0.312E+00  0.116E+00  0.592E-02  0.401E-01  0.207E+00  0.673E-01 -0.707E-02 -0.548E-01  0.138E+00  0.000E+00  0.000E+00
  0.324E+02  0.238E+00  0.299E+00  0.119E+00  0.650E-02  0.407E-01  0.216E+00  0.704E-01 -0.826E-02 -0.541E-01  0.133E+00  0.000E+00  0.000E+00
  0.344E+02  0.224E+00  0.285E+00  0.122E+00  0.714E-02  0.411E-01  0.225E+00  0.739E-01 -0.947E-02 -0.539E-01  0.128E+00  0.000E+00  0.000E+00
  0.364E+02  0.209E+00  0.271E+00  0.125E+00  0.786E-02  0.412E-01  0.233E+00  0.778E-01 -0.107E-01 -0.542E-01  0.123E+00  0.000E+00  0.000E+00
  0.384E+02  0.196E+00  0.257E+00  0.128E+00  0.864E-02  0.410E-01  0.240E+00  0.821E-01 -0.120E-01 -0.551E-01  0.117E+00  0.000E+00  0.000E+00
  0.404E+02  0.182E+00  0.243E+00  0.130E+00  0.949E-02  0.406E-01  0.246E+00  0.866E-01 -0.132E-01 -0.565E-01  0.112E+00  0.000E+00  0.000E+00
  0.425E+02  0.169E+00  0.229E+00  0.132E+00  0.104E-01  0.400E-01  0.252E+00  0.915E-01 -0.145E-01 -0.584E-01  0.106E+00  0.000E+00  0.000E+00
  0.445E+02  0.155E+00  0.215E+00  0.134E+00  0.114E-01  0.392E-01  0.257E+00  0.964E-01 -0.158E-01 -0.609E-01  0.101E+00  0.000E+00  0.000E+00
  0.465E+02  0.143E+00  0.201E+00  0.135E+00  0.124E-01  0.382E-01  0.261E+00  0.101E+00 -0.170E-01 -0.638E-01  0.951E-01  0.000E+00  0.000E+00
  0.485E+02  0.130E+00  0.187E+00  0.137E+00  0.135E-01  0.371E-01  0.265E+00  0.107E+00 -0.183E-01 -0.671E-01  0.896E-01  0.000E+00  0.000E+00
  0.506E+02  0.118E+00  0.174E+00  0.139E+00  0.146E-01  0.358E-01  0.268E+00  0.111E+00 -0.195E-01 -0.709E-01  0.843E-01  0.000E+00  0.000E+00
  0.526E+02  0.106E+00  0.160E+00  0.141E+00  0.157E-01  0.343E-01  0.271E+00  0.116E+00 -0.207E-01 -0.749E-01  0.789E-01  0.000E+00  0.000E+00
  0.546E+02  0.937E-01  0.147E+00  0.144E+00  0.168E-01  0.328E-01  0.273E+00  0.121E+00 -0.219E-01 -0.793E-01  0.737E-01  0.000E+00  0.000E+00
  0.566E+02  0.821E-01  0.134E+00  0.146E+00  0.180E-01  0.312E-01  0.275E+00  0.125E+00 -0.231E-01 -0.839E-01  0.686E-01  0.000E+00  0.000E+00
  0.587E+02  0.708E-01  0.121E+00  0.149E+00  0.192E-01  0.294E-01  0.276E+00  0.129E+00 -0.243E-01 -0.886E-01  0.635E-01  0.000E+00  0.000E+00
  0.607E+02  0.598E-01  0.108E+00  0.152E+00  0.203E-01  0.276E-01  0.277E+00  0.133E+00 -0.254E-01 -0.934E-01  0.586E-01  0.000E+00  0.000E+00
  0.627E+02  0.491E-01  0.959E-01  0.156E+00  0.215E-01  0.258E-01  0.277E+00  0.136E+00 -0.265E-01 -0.983E-01  0.538E-01  0.000E+00  0.000E+00
  0.647E+02  0.389E-01  0.839E-01  0.159E+00  0.226E-01  0.238E-01  0.277E+00  0.139E+00 -0.276E-01 -0.103E+00  0.491E-01  0.000E+00  0.000E+00
  0.667E+02  0.292E-01  0.722E-01  0.163E+00  0.237E-01  0.218E-01  0.276E+00  0.141E+00 -0.287E-01 -0.108E+00  0.445E-01  0.000E+00  0.000E+00
  0.688E+02  0.201E-01  0.608E-01  0.166E+00  0.248E-01  0.198E-01  0.275E+00  0.143E+00 -0.297E-01 -0.113E+00  0.400E-01  0.000E+00  0.000E+00
  0.708E+02  0.117E-01  0.497E-01  0.170E+00  0.258E-01  0.177E-01  0.274E+00  0.145E+00 -0.307E-01 -0.117E+00  0.357E-01  0.000E+00  0.000E+00
  0.728E+02  0.396E-02  0.390E-01  0.173E+00  0.267E-01  0.156E-01  0.273E+00  0.146E+00 -0.317E-01 -0.122E+00  0.315E-01  0.000E+00  0.000E+00
  0.748E+02 -0.290E-02  0.287E-01  0.176E+00  0.277E-01  0.134E-01  0.271E+00  0.147E+00 -0.326E-01 -0.127E+00  0.275E-01  0.000E+00  0.000E+00
  0.769E+02 -0.886E-02  0.186E-01  0.178E+00  0.285E-01  0.112E-01  0.269E+00  0.148E+00 -0.335E-01 -0.132E+00  0.236E-01  0.000E+00  0.000E+00
  0.789E+02 -0.139E-01  0.899E-02  0.180E+00  0.293E-01  0.896E-02  0.267E+00  0.149E+00 -0.344E-01 -0.137E+00  0.199E-01  0.000E+00  0.000E+00
  0.809E+02 -0.181E-01 -0.296E-03  0.181E+00  0.299E-01  0.672E-02  0.265E+00  0.150E+00 -0.352E-01 -0.142E+00  0.163E-01  0.000E+00  0.000E+00
  0.829E+02 -0.212E-01 -0.920E-02  0.182E+00  0.306E-01  0.446E-02  0.263E+00  0.151E+00 -0.360E-01 -0.147E+00  0.128E-01  0.000E+00  0.000E+00
  0.849E+02 -0.233E-01 -0.177E-01  0.182E+00  0.311E-01  0.219E-02  0.261E+00  0.152E+00 -0.367E-01 -0.153E+00  0.957E-02  0.000E+00  0.000E+00
  0.870E+02 -0.243E-01 -0.258E-01  0.181E+00  0.316E-01 -0.934E-04  0.259E+00  0.153E+00 -0.375E-01 -0.159E+00  0.648E-02  0.000E+00  0.000E+00
  0.890E+02 -0.243E-01 -0.335E-01  0.180E+00  0.319E-01 -0.238E-02  0.256E+00  0.155E+00 -0.382E-01 -0.166E+00  0.355E-02  0.000E+00  0.000E+00
  0.910E+02 -0.234E-01 -0.408E-01  0.178E+00  0.323E-01 -0.466E-02  0.254E+00  0.157E+00 -0.389E-01 -0.174E+00  0.808E-03  0.000E+00  0.000E+00
  0.930E+02 -0.217E-01 -0.477E-01  0.176E+00  0.325E-01 -0.694E-02  0.252E+00  0.159E+00 -0.395E-01 -0.182E+00 -0.175E-02  0.000E+00  0.000E+00
  0.951E+02 -0.193E-01 -0.542E-01  0.173E+00  0.327E-01 -0.920E-02  0.250E+00  0.162E+00 -0.402E-01 -0.192E+00 -0.412E-02  0.000E+00  0.000E+00
  0.971E+02 -0.163E-01 -0.602E-01  0.170E+00  0.328E-01 -0.114E-01  0.248E+00  0.165E+00 -0.408E-01 -0.202E+00 -0.630E-02  0.000E+00  0.000E+00
  0.991E+02 -0.128E-01 -0.659E-01  0.167E+00  0.328E-01 -0.137E-01  0.247E+00  0.168E+00 -0.414E-01 -0.214E+00 -0.828E-02  0.000E+00  0.000E+00
  0.101E+03 -0.858E-02 -0.711E-01  0.164E+00  0.327E-01 -0.159E-01  0.245E+00  0.171E+00 -0.420E-01 -0.226E+00 -0.101E-01  0.000E+00  0.000E+00
  0.103E+03 -0.395E-02 -0.758E-01  0.160E+00  0.326E-01 -0.180E-01  0.243E+00  0.175E+00 -0.426E-01 -0.239E+00 -0.116E-01  0.000E+00  0.000E+00
  0.105E+03  0.728E-03 -0.802E-01  0.157E+00  0.325E-01 -0.201E-01  0.241E+00  0.178E+00 -0.431E-01 -0.253E+00 -0.130E-01  0.000E+00  0.000E+00
  0.107E+03  0.538E-02 -0.841E-01  0.154E+00  0.322E-01 -0.222E-01  0.239E+00  0.182E+00 -0.437E-01 -0.269E+00 -0.141E-01  0.000E+00  0.000E+00
  0.109E+03  0.998E-02 -0.876E-01  0.152E+00  0.320E-01 -0.242E-01  0.237E+00  0.186E+00 -0.443E-01 -0.285E+00 -0.150E-01  0.000E+00  0.000E+00
  0.111E+03  0.145E-01 -0.907E-01  0.150E+00  0.317E-01 -0.261E-01  0.235E+00  0.189E+00 -0.448E-01 -0.302E+00 -0.158E-01  0.000E+00  0.000E+00
  0.113E+03  0.190E-01 -0.933E-01  0.148E+00  0.313E-01 -0.280E-01  0.233E+00  0.192E+00 -0.454E-01 -0.320E+00 -0.163E-01  0.000E+00  0.000E+00
  0.115E+03  0.236E-01 -0.956E-01  0.147E+00  0.309E-01 -0.297E-01  0.231E+00  0.194E+00 -0.459E-01 -0.338E+00 -0.165E-01  0.000E+00  0.000E+00
  0.117E+03  0.284E-01 -0.974E-01  0.145E+00  0.305E-01 -0.314E-01  0.228E+00  0.195E+00 -0.464E-01 -0.357E+00 -0.166E-01  0.000E+00  0.000E+00
  0.119E+03  0.334E-01 -0.988E-01  0.144E+00  0.301E-01 -0.330E-01  0.225E+00  0.195E+00 -0.470E-01 -0.376E+00 -0.164E-01  0.000E+00  0.000E+00
  0.121E+03  0.389E-01 -0.999E-01  0.142E+00  0.297E-01 -0.345E-01  0.222E+00  0.195E+00 -0.475E-01 -0.394E+00 -0.161E-01  0.000E+00  0.000E+00
  0.123E+03  0.450E-01 -0.100E+00  0.140E+00  0.293E-01 -0.359E-01  0.218E+00  0.193E+00 -0.480E-01 -0.412E+00 -0.155E-01  0.000E+00  0.000E+00
  0.125E+03  0.520E-01 -0.101E+00  0.136E+00  0.288E-01 -0.371E-01  0.214E+00  0.190E+00 -0.484E-01 -0.429E+00 -0.147E-01  0.000E+00  0.000E+00
  0.127E+03  0.599E-01 -0.101E+00  0.132E+00  0.284E-01 -0.382E-01  0.210E+00  0.185E+00 -0.489E-01 -0.444E+00 -0.138E-01  0.000E+00  0.000E+00
  0.129E+03  0.692E-01 -0.100E+00  0.126E+00  0.280E-01 -0.392E-01  0.205E+00  0.178E+00 -0.493E-01 -0.459E+00 -0.126E-01  0.000E+00  0.000E+00
  0.131E+03  0.799E-01 -0.992E-01  0.119E+00  0.276E-01 -0.400E-01  0.199E+00  0.170E+00 -0.496E-01 -0.472E+00 -0.113E-01  0.000E+00  0.000E+00
  0.133E+03  0.921E-01 -0.980E-01  0.109E+00  0.273E-01 -0.407E-01  0.193E+00  0.161E+00 -0.500E-01 -0.483E+00 -0.980E-02  0.000E+00  0.000E+00
  0.136E+03  0.106E+00 -0.965E-01  0.976E-01  0.270E-01 -0.411E-01  0.187E+00  0.150E+00 -0.502E-01 -0.492E+00 -0.816E-02  0.000E+00  0.000E+00
  0.138E+03  0.122E+00 -0.947E-01  0.839E-01  0.267E-01 -0.414E-01  0.180E+00  0.137E+00 -0.505E-01 -0.500E+00 -0.639E-02  0.000E+00  0.000E+00
  0.140E+03  0.139E+00 -0.927E-01  0.679E-01  0.265E-01 -0.415E-01  0.173E+00  0.123E+00 -0.507E-01 -0.505E+00 -0.450E-02  0.000E+00  0.000E+00
  0.142E+03  0.159E+00 -0.904E-01  0.495E-01  0.263E-01 -0.414E-01  0.165E+00  0.108E+00 -0.508E-01 -0.508E+00 -0.251E-02  0.000E+00  0.000E+00
  0.144E+03  0.180E+00 -0.878E-01  0.289E-01  0.261E-01 -0.411E-01  0.157E+00  0.919E-01 -0.509E-01 -0.510E+00 -0.427E-03  0.000E+00  0.000E+00
  0.146E+03  0.202E+00 -0.852E-01  0.605E-02  0.260E-01 -0.406E-01  0.149E+00  0.747E-01 -0.510E-01 -0.509E+00  0.172E-02  0.000E+00  0.000E+00
  0.148E+03  0.227E+00 -0.823E-01 -0.189E-01  0.260E-01 -0.399E-01  0.141E+00  0.568E-01 -0.510E-01 -0.507E+00  0.390E-02  0.000E+00  0.000E+00
  0.150E+03  0.252E+00 -0.794E-01 -0.457E-01  0.259E-01 -0.389E-01  0.132E+00  0.384E-01 -0.510E-01 -0.503E+00  0.612E-02  0.000E+00  0.000E+00
  0.152E+03  0.279E+00 -0.763E-01 -0.742E-01  0.260E-01 -0.377E-01  0.123E+00  0.197E-01 -0.509E-01 -0.497E+00  0.833E-02  0.000E+00  0.000E+00
  0.154E+03  0.307E+00 -0.733E-01 -0.104E+00  0.260E-01 -0.363E-01  0.114E+00  0.929E-03 -0.508E-01 -0.490E+00  0.105E-01  0.000E+00  0.000E+00
  0.156E+03  0.335E+00 -0.702E-01 -0.135E+00  0.261E-01 -0.346E-01  0.105E+00 -0.177E-01 -0.507E-01 -0.482E+00  0.127E-01  0.000E+00  0.000E+00
  0.158E+03  0.364E+00 -0.672E-01 -0.167E+00  0.262E-01 -0.327E-01  0.960E-01 -0.360E-01 -0.506E-01 -0.473E+00  0.148E-01  0.000E+00  0.000E+00
  0.160E+03  0.393E+00 -0.643E-01 -0.199E+00  0.263E-01 -0.305E-01  0.869E-01 -0.537E-01 -0.504E-01 -0.463E+00  0.167E-01  0.000E+00  0.000E+00
  0.162E+03  0.421E+00 -0.615E-01 -0.230E+00  0.265E-01 -0.282E-01  0.778E-01 -0.705E-01 -0.502E-01 -0.453E+00  0.186E-01  0.000E+00  0.000E+00
  0.164E+03  0.449E+00 -0.588E-01 -0.261E+00  0.267E-01 -0.256E-01  0.689E-01 -0.863E-01 -0.500E-01 -0.443E+00  0.203E-01  0.000E+00  0.000E+00
  0.166E+03  0.475E+00 -0.564E-01 -0.291E+00  0.268E-01 -0.228E-01  0.599E-01 -0.101E+00 -0.497E-01 -0.433E+00  0.219E-01  0.000E+00  0.000E+00
  0.168E+03  0.499E+00 -0.541E-01 -0.318E+00  0.270E-01 -0.199E-01  0.511E-01 -0.114E+00 -0.495E-01 -0.423E+00  0.233E-01  0.000E+00  0.000E+00
  0.170E+03  0.521E+00 -0.522E-01 -0.343E+00  0.271E-01 -0.168E-01  0.424E-01 -0.125E+00 -0.493E-01 -0.414E+00  0.245E-01  0.000E+00  0.000E+00
  0.172E+03  0.539E+00 -0.505E-01 -0.364E+00  0.272E-01 -0.136E-01  0.338E-01 -0.135E+00 -0.491E-01 -0.407E+00  0.256E-01  0.000E+00  0.000E+00
  0.174E+03  0.554E+00 -0.492E-01 -0.381E+00  0.274E-01 -0.103E-01  0.253E-01 -0.143E+00 -0.490E-01 -0.400E+00  0.264E-01  0.000E+00  0.000E+00
  0.176E+03  0.564E+00 -0.483E-01 -0.392E+00  0.274E-01 -0.687E-02  0.168E-01 -0.148E+00 -0.489E-01 -0.396E+00  0.269E-01  0.000E+00  0.000E+00
  0.178E+03  0.568E+00 -0.478E-01 -0.397E+00  0.274E-01 -0.344E-02  0.843E-02 -0.151E+00 -0.489E-01 -0.394E+00  0.273E-01  0.000E+00  0.000E+00
  0.180E+03  0.566E+00 -0.478E-01 -0.395E+00  0.274E-01 -0.450E-05 -0.489E-05 -0.151E+00 -0.490E-01 -0.396E+00  0.274E-01  0.000E+00  0.000E+00
