  0.000E+00  0.649E+00  0.709E+00  0.316E+00  0.768E-01  0.783E-06  0.236E-05  0.316E+00  0.768E-01  0.322E+00  0.145E+00  0.000E+00  0.000E+00
  0.202E+01  0.649E+00  0.708E+00  0.316E+00  0.768E-01  0.423E-02  0.869E-02  0.315E+00  0.767E-01  0.321E+00  0.145E+00  0.000E+00  0.000E+00
  0.404E+01  0.647E+00  0.707E+00  0.317E+00  0.768E-01  0.843E-02  0.174E-01  0.311E+00  0.764E-01  0.320E+00  0.145E+00  0.000E+00  0.000E+00
  0.607E+01  0.644E+00  0.705E+00  0.318E+00  0.768E-01  0.126E-01  0.260E-01  0.304E+00  0.760E-01  0.318E+00  0.144E+00  0.000E+00  0.000E+00
  0.809E+01  0.640E+00  0.702E+00  0.319E+00  0.768E-01  0.166E-01  0.345E-01  0.294E+00  0.754E-01  0.315E+00  0.143E+00  0.000E+00  0.000E+00
  0.101E+02  0.635E+00  0.698E+00  0.321E+00  0.768E-01  0.206E-01  0.428E-01  0.282E+00  0.747E-01  0.311E+00  0.141E+00  0.000E+00  0.000E+00
  0.121E+02  0.630E+00  0.693E+00  0.323E+00  0.769E-01  0.243E-01  0.510E-01  0.268E+00  0.738E-01  0.306E+00  0.139E+00  0.000E+00  0.000E+00
  0.142E+02  0.623E+00  0.687E+00  0.325E+00  0.770E-01  0.280E-01  0.589E-01  0.252E+00  0.727E-01  0.301E+00  0.137E+00  0.000E+00  0.000E+00
  0.162E+02  0.616E+00  0.681E+00  0.328E+00  0.771E-01  0.314E-01  0.666E-01  0.235E+00  0.716E-01  0.294E+00  0.135E+00  0.000E+00  0.000E+00
  0.182E+02  0.608E+00  0.674E+00  0.330E+00  0.772E-01  0.346E-01  0.741E-01  0.216E+00  0.703E-01  0.287E+00  0.132E+00  0.000E+00  0.000E+00
  0.202E+02  0.599E+00  0.666E+00  0.332E+00  0.774E-01  0.375E-01  0.812E-01  0.197E+00  0.688E-01  0.280E+00  0.130E+00  0.000E+00  0.000E+00
  0.222E+02  0.590E+00  0.658E+00  0.335E+00  0.776E-01  0.402E-01  0.881E-01  0.177E+00  0.673E-01  0.271E+00  0.127E+00  0.000E+00  0.000E+00
  0.243E+02  0.581E+00  0.649E+00  0.337E+00  0.779E-01  0.427E-01  0.946E-01  0.157E+00  0.656E-01  0.262E+00  0.123E+00  0.000E+00  0.000E+00
  0.263E+02  0.571E+00  0.640E+00  0.338E+00  0.782E-01  0.448E-01  0.101E+00  0.137E+00  0.639E-01  0.252E+00  0.120E+00  0.000E+00  0.000E+00
  0.283E+02  0.561E+00  0.630E+00  0.340E+00  0.786E-01  0.467E-01  0.107E+00  0.117E+00  0.621E-01  0.241E+00  0.116E+00  0.000E+00  0.000E+00
  0.303E+02  0.550E+00  0.620E+00  0.341E+00  0.791E-01  0.483E-01  0.112E+00  0.987E-01  0.602E-01  0.230E+00  0.112E+00  0.000E+00  0.000E+00
  0.324E+02  0.540E+00  0.609E+00  0.342E+00  0.796E-01  0.496E-01  0.117E+00  0.809E-01  0.582E-01  0.218E+00  0.108E+00  0.000E+00  0.000E+00
  0.344E+02  0.529E+00  0.598E+00  0.343E+00  0.802E-01  0.506E-01  0.122E+00  0.643E-01  0.562E-01  0.205E+00  0.104E+00  0.000E+00  0.000E+00
  0.364E+02  0.519E+00  0.587E+00  0.343E+00  0.809E-01  0.514E-01  0.127E+00  0.491E-01  0.542E-01  0.192E+00  0.999E-01  0.000E+00  0.000E+00
  0.384E+02  0.508E+00  0.576E+00  0.343E+00  0.817E-01  0.518E-01  0.131E+00  0.355E-01  0.522E-01  0.178E+00  0.956E-01  0.000E+00  0.000E+00
  0.404E+02  0.497E+00  0.564E+00  0.342E+00  0.825E-01  0.520E-01  0.135E+00  0.236E-01  0.501E-01  0.163E+00  0.913E-01  0.000E+00  0.000E+00
  0.425E+02  0.487E+00  0.553E+00  0.342E+00  0.835E-01  0.520E-01  0.138E+00  0.134E-01  0.481E-01  0.148E+00  0.869E-01  0.000E+00  0.000E+00
  0.445E+02  0.476E+00  0.541E+00  0.341E+00  0.845E-01  0.516E-01  0.141E+00  0.513E-02  0.461E-01  0.133E+00  0.825E-01  0.000E+00  0.000E+00
  0.465E+02  0.466E+00  0.530E+00  0.340E+00  0.856E-01  0.510E-01  0.144E+00 -0.159E-02  0.441E-01  0.116E+00  0.782E-01  0.000E+00  0.000E+00
  0.485E+02  0.455E+00  0.518E+00  0.339E+00  0.868E-01  0.502E-01  0.146E+00 -0.674E-02  0.422E-01  0.997E-01  0.739E-01  0.000E+00  0.000E+00
  0.506E+02  0.445E+00  0.507E+00  0.338E+00  0.880E-01  0.492E-01  0.148E+00 -0.103E-01  0.404E-01  0.824E-01  0.696E-01  0.000E+00  0.000E+00
  0.526E+02  0.435E+00  0.495E+00  0.337E+00  0.894E-01  0.479E-01  0.150E+00 -0.125E-01  0.386E-01  0.647E-01  0.654E-01  0.000E+00  0.000E+00
  0.546E+02  0.424E+00  0.484E+00  0.336E+00  0.908E-01  0.465E-01  0.152E+00 -0.133E-01  0.369E-01  0.465E-01  0.612E-01  0.000E+00  0.000E+00
  0.566E+02  0.414E+00  0.473E+00  0.335E+00  0.922E-01  0.449E-01  0.153E+00 -0.130E-01  0.353E-01  0.280E-01  0.572E-01  0.000E+00  0.000E+00
  0.587E+02  0.405E+00  0.463E+00  0.334E+00  0.937E-01  0.431E-01  0.154E+00 -0.118E-01  0.338E-01  0.913E-02  0.533E-01  0.000E+00  0.000E+00
  0.607E+02  0.395E+00  0.453E+00  0.333E+00  0.952E-01  0.411E-01  0.154E+00 -0.976E-02  0.324E-01 -0.997E-02  0.495E-01  0.000E+00  0.000E+00
  0.627E+02  0.386E+00  0.442E+00  0.332E+00  0.968E-01  0.391E-01  0.154E+00 -0.705E-02  0.312E-01 -0.293E-01  0.459E-01  0.000E+00  0.000E+00
  0.647E+02  0.377E+00  0.433E+00  0.331E+00  0.984E-01  0.368E-01  0.154E+00 -0.382E-02  0.300E-01 -0.487E-01  0.425E-01  0.000E+00  0.000E+00
  0.667E+02  0.368E+00  0.423E+00  0.331E+00  0.100E+00  0.345E-01  0.154E+00 -0.168E-03  0.290E-01 -0.683E-01  0.392E-01  0.000E+00  0.000E+00
  0.688E+02  0.360E+00  0.414E+00  0.330E+00  0.102E+00  0.321E-01  0.154E+00  0.380E-02  0.282E-01 -0.879E-01  0.362E-01  0.000E+00  0.000E+00
  0.708E+02  0.353E+00  0.406E+00  0.328E+00  0.103E+00  0.296E-01  0.153E+00  0.803E-02  0.275E-01 -0.107E+00  0.333E-01  0.000E+00  0.000E+00
  0.728E+02  0.346E+00  0.397E+00  0.327E+00  0.105E+00  0.270E-01  0.152E+00  0.126E-01  0.270E-01 -0.127E+00  0.307E-01  0.000E+00  0.000E+00
  0.748E+02  0.340E+00  0.389E+00  0.325E+00  0.106E+00  0.243E-01  0.150E+00  0.173E-01  0.266E-01 -0.146E+00  0.283E-01  0.000E+00  0.000E+00
  0.769E+02  0.335E+00  0.382E+00  0.323E+00  0.108E+00  0.216E-01  0.149E+00  0.222E-01  0.264E-01 -0.166E+00  0.261E-01  0.000E+00  0.000E+00
  0.789E+02  0.330E+00  0.375E+00  0.321E+00  0.109E+00  0.188E-01  0.147E+00  0.273E-01  0.264E-01 -0.185E+00  0.242E-01  0.000E+00  0.000E+00
  0.809E+02  0.327E+00  0.368E+00  0.318E+00  0.111E+00  0.159E-01  0.145E+00  0.320E-01  0.265E-01 -0.203E+00  0.226E-01  0.000E+00  0.000E+00
  0.829E+02  0.325E+00  0.362E+00  0.314E+00  0.112E+00  0.131E-01  0.143E+00  0.366E-01  0.268E-01 -0.221E+00  0.212E-01  0.000E+00  0.000E+00
  0.849E+02  0.323E+00  0.356E+00  0.309E+00  0.114E+00  0.102E-01  0.141E+00  0.416E-01  0.272E-01 -0.239E+00  0.201E-01  0.000E+00  0.000E+00
  0.870E+02  0.323E+00  0.351E+00  0.304E+00  0.115E+00  0.735E-02  0.138E+00  0.470E-01  0.279E-01 -0.257E+00  0.193E-01  0.000E+00  0.000E+00
  0.890E+02  0.323E+00  0.346E+00  0.299E+00  0.116E+00  0.448E-02  0.136E+00  0.529E-01  0.287E-01 -0.275E+00  0.188E-01  0.000E+00  0.000E+00
  0.910E+02  0.324E+00  0.342E+00  0.294E+00  0.117E+00  0.162E-02  0.133E+00  0.593E-01  0.297E-01 -0.293E+00  0.185E-01  0.000E+00  0.000E+00
  0.930E+02  0.326E+00  0.338E+00  0.288E+00  0.118E+00 -0.122E-02  0.131E+00  0.661E-01  0.308E-01 -0.311E+00  0.186E-01  0.000E+00  0.000E+00
  0.951E+02  0.329E+00  0.335E+00  0.282E+00  0.119E+00 -0.403E-02  0.128E+00  0.734E-01  0.322E-01 -0.328E+00  0.189E-01  0.000E+00  0.000E+00
  0.971E+02  0.332E+00  0.332E+00  0.276E+00  0.120E+00 -0.681E-02  0.125E+00  0.811E-01  0.337E-01 -0.346E+00  0.195E-01  0.000E+00  0.000E+00
  0.991E+02  0.336E+00  0.329E+00  0.270E+00  0.121E+00 -0.954E-02  0.122E+00  0.891E-01  0.353E-01 -0.364E+00  0.205E-01  0.000E+00  0.000E+00
  0.101E+03  0.340E+00  0.327E+00  0.264E+00  0.122E+00 -0.122E-01  0.119E+00  0.974E-01  0.372E-01 -0.382E+00  0.217E-01  0.000E+00  0.000E+00
  0.103E+03  0.345E+00  0.326E+00  0.257E+00  0.123E+00 -0.149E-01  0.116E+00  0.106E+00  0.392E-01 -0.400E+00  0.232E-01  0.000E+00  0.000E+00
  0.105E+03  0.350E+00  0.325E+00  0.251E+00  0.124E+00 -0.174E-01  0.113E+00  0.114E+00  0.413E-01 -0.417E+00  0.250E-01  0.000E+00  0.000E+00
  0.107E+03  0.357E+00  0.324E+00  0.244E+00  0.125E+00 -0.199E-01  0.110E+00  0.123E+00  0.436E-01 -0.434E+00  0.270E-01  0.000E+00  0.000E+00
  0.109E+03  0.363E+00  0.324E+00  0.237E+00  0.125E+00 -0.223E-01  0.107E+00  0.131E+00  0.460E-01 -0.451E+00  0.294E-01  0.000E+00  0.000E+00
  0.111E+03  0.371E+00  0.324E+00  0.230E+00  0.126E+00 -0.247E-01  0.104E+00  0.139E+00  0.485E-01 -0.468E+00  0.320E-01  0.000E+00  0.000E+00
  0.113E+03  0.379E+00  0.325E+00  0.222E+00  0.127E+00 -0.269E-01  0.101E+00  0.147E+00  0.512E-01 -0.484E+00  0.348E-01  0.000E+00  0.000E+00
  0.115E+03  0.388E+00  0.326E+00  0.214E+00  0.127E+00 -0.290E-01  0.977E-01  0.153E+00  0.540E-01 -0.499E+00  0.379E-01  0.000E+00  0.000E+00
  0.117E+03  0.398E+00  0.328E+00  0.206E+00  0.128E+00 -0.310E-01  0.945E-01  0.159E+00  0.568E-01 -0.513E+00  0.412E-01  0.000E+00  0.000E+00
  0.119E+03  0.409E+00  0.330E+00  0.197E+00  0.129E+00 -0.329E-01  0.912E-01  0.165E+00  0.598E-01 -0.526E+00  0.447E-01  0.000E+00  0.000E+00
  0.121E+03  0.421E+00  0.332E+00  0.187E+00  0.129E+00 -0.347E-01  0.879E-01  0.169E+00  0.629E-01 -0.539E+00  0.484E-01  0.000E+00  0.000E+00
  0.123E+03  0.433E+00  0.334E+00  0.176E+00  0.130E+00 -0.363E-01  0.845E-01  0.172E+00  0.660E-01 -0.550E+00  0.523E-01  0.000E+00  0.000E+00
  0.125E+03  0.447E+00  0.337E+00  0.165E+00  0.130E+00 -0.378E-01  0.811E-01  0.173E+00  0.692E-01 -0.559E+00  0.563E-01  0.000E+00  0.000E+00
  0.127E+03  0.463E+00  0.341E+00  0.152E+00  0.131E+00 -0.391E-01  0.777E-01  0.174E+00  0.724E-01 -0.567E+00  0.605E-01  0.000E+00  0.000E+00
  0.129E+03  0.479E+00  0.344E+00  0.138E+00  0.131E+00 -0.402E-01  0.742E-01  0.173E+00  0.757E-01 -0.574E+00  0.648E-01  0.000E+00  0.000E+00
  0.131E+03  0.497E+00  0.348E+00  0.123E+00  0.132E+00 -0.412E-01  0.708E-01  0.170E+00  0.790E-01 -0.579E+00  0.692E-01  0.000E+00  0.000E+00
  0.133E+03  0.516E+00  0.352E+00  0.107E+00  0.132E+00 -0.419E-01  0.672E-01  0.167E+00  0.824E-01 -0.582E+00  0.736E-01  0.000E+00  0.000E+00
  0.136E+03  0.536E+00  0.356E+00  0.896E-01  0.133E+00 -0.424E-01  0.637E-01  0.161E+00  0.857E-01 -0.583E+00  0.782E-01  0.000E+00  0.000E+00
  0.138E+03  0.558E+00  0.360E+00  0.706E-01  0.134E+00 -0.428E-01  0.601E-01  0.154E+00  0.891E-01 -0.582E+00  0.828E-01  0.000E+00  0.000E+00
  0.140E+03  0.581E+00  0.365E+00  0.502E-01  0.134E+00 -0.429E-01  0.566E-01  0.146E+00  0.924E-01 -0.579E+00  0.873E-01  0.000E+00  0.000E+00
  0.142E+03  0.606E+00  0.369E+00  0.285E-01  0.135E+00 -0.428E-01  0.530E-01  0.137E+00  0.957E-01 -0.575E+00  0.919E-01  0.000E+00  0.000E+00
  0.144E+03  0.631E+00  0.374E+00  0.534E-02  0.136E+00 -0.424E-01  0.495E-01  0.126E+00  0.989E-01 -0.568E+00  0.964E-01  0.000E+00  0.000E+00
  0.146E+03  0.658E+00  0.379E+00 -0.191E-01  0.136E+00 -0.418E-01  0.459E-01  0.114E+00  0.102E+00 -0.560E+00  0.101E+00  0.000E+00  0.000E+00
  0.148E+03  0.686E+00  0.384E+00 -0.446E-01  0.137E+00 -0.410E-01  0.424E-01  0.101E+00  0.105E+00 -0.550E+00  0.105E+00  0.000E+00  0.000E+00
  0.150E+03  0.714E+00  0.388E+00 -0.712E-01  0.138E+00 -0.399E-01  0.390E-01  0.868E-01  0.108E+00 -0.538E+00  0.110E+00  0.000E+00  0.000E+00
  0.152E+03  0.743E+00  0.393E+00 -0.986E-01  0.139E+00 -0.386E-01  0.356E-01  0.720E-01  0.111E+00 -0.525E+00  0.114E+00  0.000E+00  0.000E+00
  0.154E+03  0.773E+00  0.398E+00 -0.127E+00  0.139E+00 -0.370E-01  0.322E-01  0.566E-01  0.114E+00 -0.511E+00  0.118E+00  0.000E+00  0.000E+00
  0.156E+03  0.802E+00  0.402E+00 -0.155E+00  0.140E+00 -0.352E-01  0.289E-01  0.407E-01  0.117E+00 -0.496E+00  0.122E+00  0.000E+00  0.000E+00
  0.158E+03  0.831E+00  0.406E+00 -0.184E+00  0.141E+00 -0.332E-01  0.258E-01  0.248E-01  0.120E+00 -0.479E+00  0.125E+00  0.000E+00  0.000E+00
  0.160E+03  0.860E+00  0.410E+00 -0.212E+00  0.142E+00 -0.309E-01  0.227E-01  0.889E-02  0.122E+00 -0.463E+00  0.129E+00  0.000E+00  0.000E+00
  0.162E+03  0.888E+00  0.414E+00 -0.239E+00  0.143E+00 -0.284E-01  0.197E-01 -0.665E-02  0.124E+00 -0.446E+00  0.132E+00  0.000E+00  0.000E+00
  0.164E+03  0.915E+00  0.418E+00 -0.266E+00  0.143E+00 -0.257E-01  0.169E-01 -0.215E-01  0.126E+00 -0.430E+00  0.135E+00  0.000E+00  0.000E+00
  0.166E+03  0.940E+00  0.421E+00 -0.290E+00  0.144E+00 -0.229E-01  0.142E-01 -0.355E-01  0.128E+00 -0.414E+00  0.137E+00  0.000E+00  0.000E+00
  0.168E+03  0.962E+00  0.424E+00 -0.313E+00  0.144E+00 -0.199E-01  0.117E-01 -0.481E-01  0.130E+00 -0.399E+00  0.139E+00  0.000E+00  0.000E+00
  0.170E+03  0.982E+00  0.426E+00 -0.333E+00  0.145E+00 -0.167E-01  0.926E-02 -0.590E-01  0.131E+00 -0.387E+00  0.141E+00  0.000E+00  0.000E+00
  0.172E+03  0.998E+00  0.428E+00 -0.349E+00  0.145E+00 -0.134E-01  0.704E-02 -0.678E-01  0.132E+00 -0.376E+00  0.143E+00  0.000E+00  0.000E+00
  0.174E+03  0.101E+01  0.430E+00 -0.362E+00  0.146E+00 -0.101E-01  0.500E-02 -0.742E-01  0.133E+00 -0.368E+00  0.144E+00  0.000E+00  0.000E+00
  0.176E+03  0.102E+01  0.431E+00 -0.369E+00  0.146E+00 -0.673E-02  0.315E-02 -0.775E-01  0.134E+00 -0.364E+00  0.145E+00  0.000E+00  0.000E+00
  0.178E+03  0.102E+01  0.431E+00 -0.371E+00  0.146E+00 -0.335E-02  0.151E-02 -0.773E-01  0.134E+00 -0.364E+00  0.145E+00  0.000E+00  0.000E+00
  0.180E+03  0.102E+01  0.431E+00 -0.367E+00  0.146E+00 -0.205E-04  0.671E-04 -0.730E-01  0.134E+00 -0.368E+00  0.146E+00  0.000E+00  0.000E+00
