  0.000E+00 -0.790E-02 -0.129E+00 -0.259E+00 -0.148E-02 -0.428E-07 -0.932E-06 -0.259E+00 -0.148E-02 -0.367E+00 -0.106E-01  0.000E+00  0.000E+00
  0.202E+01 -0.779E-02 -0.128E+00 -0.259E+00 -0.146E-02 -0.360E-02  0.190E-03 -0.257E+00 -0.138E-02 -0.367E+00 -0.105E-01  0.000E+00  0.000E+00
  0.404E+01 -0.744E-02 -0.127E+00 -0.260E+00 -0.140E-02 -0.717E-02  0.407E-03 -0.251E+00 -0.105E-02 -0.365E+00 -0.102E-01  0.000E+00  0.000E+00
  0.607E+01 -0.688E-02 -0.126E+00 -0.261E+00 -0.130E-02 -0.107E-01  0.700E-03 -0.240E+00 -0.514E-03 -0.361E+00 -0.971E-02  0.000E+00  0.000E+00
  0.809E+01 -0.614E-02 -0.124E+00 -0.262E+00 -0.117E-02 -0.141E-01  0.111E-02 -0.226E+00  0.229E-03 -0.357E+00 -0.901E-02  0.000E+00  0.000E+00
  0.101E+02 -0.524E-02 -0.121E+00 -0.263E+00 -0.100E-02 -0.174E-01  0.168E-02 -0.208E+00  0.117E-02 -0.351E+00 -0.813E-02  0.000E+00  0.000E+00
  0.121E+02 -0.424E-02 -0.118E+00 -0.264E+00 -0.809E-03 -0.205E-01  0.243E-02 -0.187E+00  0.230E-02 -0.345E+00 -0.708E-02  0.000E+00  0.000E+00
  0.142E+02 -0.317E-02 -0.114E+00 -0.265E+00 -0.597E-03 -0.235E-01  0.338E-02 -0.164E+00  0.361E-02 -0.337E+00 -0.586E-02  0.000E+00  0.000E+00
  0.162E+02 -0.209E-02 -0.110E+00 -0.266E+00 -0.374E-03 -0.263E-01  0.456E-02 -0.138E+00  0.507E-02 -0.329E+00 -0.449E-02  0.000E+00  0.000E+00
  0.182E+02 -0.105E-02 -0.105E+00 -0.267E+00 -0.146E-03 -0.289E-01  0.596E-02 -0.111E+00  0.669E-02 -0.320E+00 -0.298E-02  0.000E+00  0.000E+00
  0.202E+02 -0.976E-04 -0.100E+00 -0.268E+00  0.786E-04 -0.312E-01  0.759E-02 -0.822E-01  0.843E-02 -0.311E+00 -0.136E-02  0.000E+00  0.000E+00
  0.222E+02  0.722E-03 -0.947E-01 -0.268E+00  0.292E-03 -0.333E-01  0.945E-02 -0.530E-01  0.103E-01 -0.301E+00  0.369E-03  0.000E+00  0.000E+00
  0.243E+02  0.137E-02 -0.891E-01 -0.267E+00  0.485E-03 -0.352E-01  0.115E-01 -0.239E-01  0.122E-01 -0.291E+00  0.219E-02  0.000E+00  0.000E+00
  0.263E+02  0.179E-02 -0.833E-01 -0.266E+00  0.651E-03 -0.368E-01  0.138E-01  0.476E-02  0.143E-01 -0.281E+00  0.407E-02  0.000E+00  0.000E+00
  0.283E+02  0.198E-02 -0.774E-01 -0.265E+00  0.783E-03 -0.382E-01  0.163E-01  0.324E-01  0.163E-01 -0.271E+00  0.602E-02  0.000E+00  0.000E+00
  0.303E+02  0.190E-02 -0.713E-01 -0.262E+00  0.873E-03 -0.393E-01  0.189E-01  0.586E-01  0.184E-01 -0.261E+00  0.800E-02  0.000E+00  0.000E+00
  0.324E+02  0.156E-02 -0.651E-01 -0.259E+00  0.915E-03 -0.402E-01  0.216E-01  0.831E-01  0.205E-01 -0.251E+00  0.100E-01  0.000E+00  0.000E+00
  0.344E+02  0.945E-03 -0.589E-01 -0.255E+00  0.904E-03 -0.408E-01  0.244E-01  0.105E+00  0.227E-01 -0.242E+00  0.120E-01  0.000E+00  0.000E+00
  0.364E+02  0.687E-04 -0.528E-01 -0.251E+00  0.835E-03 -0.412E-01  0.273E-01  0.125E+00  0.247E-01 -0.232E+00  0.140E-01  0.000E+00  0.000E+00
  0.384E+02 -0.105E-02 -0.467E-01 -0.245E+00  0.704E-03 -0.413E-01  0.302E-01  0.143E+00  0.268E-01 -0.223E+00  0.160E-01  0.000E+00  0.000E+00
  0.404E+02 -0.237E-02 -0.407E-01 -0.240E+00  0.509E-03 -0.413E-01  0.332E-01  0.158E+00  0.287E-01 -0.214E+00  0.179E-01  0.000E+00  0.000E+00
  0.425E+02 -0.388E-02 -0.348E-01 -0.233E+00  0.247E-03 -0.410E-01  0.360E-01  0.170E+00  0.306E-01 -0.205E+00  0.198E-01  0.000E+00  0.000E+00
  0.445E+02 -0.552E-02 -0.291E-01 -0.227E+00 -0.813E-04 -0.405E-01  0.389E-01  0.179E+00  0.324E-01 -0.196E+00  0.217E-01  0.000E+00  0.000E+00
  0.465E+02 -0.726E-02 -0.236E-01 -0.220E+00 -0.477E-03 -0.398E-01  0.416E-01  0.186E+00  0.341E-01 -0.188E+00  0.235E-01  0.000E+00  0.000E+00
  0.485E+02 -0.905E-02 -0.183E-01 -0.212E+00 -0.938E-03 -0.390E-01  0.443E-01  0.191E+00  0.356E-01 -0.179E+00  0.252E-01  0.000E+00  0.000E+00
  0.506E+02 -0.109E-01 -0.133E-01 -0.205E+00 -0.147E-02 -0.380E-01  0.468E-01  0.193E+00  0.370E-01 -0.170E+00  0.268E-01  0.000E+00  0.000E+00
  0.526E+02 -0.126E-01 -0.849E-02 -0.197E+00 -0.205E-02 -0.369E-01  0.492E-01  0.194E+00  0.382E-01 -0.161E+00  0.284E-01  0.000E+00  0.000E+00
  0.546E+02 -0.143E-01 -0.396E-02 -0.190E+00 -0.270E-02 -0.357E-01  0.515E-01  0.193E+00  0.393E-01 -0.152E+00  0.298E-01  0.000E+00  0.000E+00
  0.566E+02 -0.160E-01  0.301E-03 -0.183E+00 -0.341E-02 -0.343E-01  0.537E-01  0.190E+00  0.401E-01 -0.142E+00  0.312E-01  0.000E+00  0.000E+00
  0.587E+02 -0.175E-01  0.427E-02 -0.176E+00 -0.418E-02 -0.328E-01  0.558E-01  0.187E+00  0.408E-01 -0.132E+00  0.325E-01  0.000E+00  0.000E+00
  0.607E+02 -0.189E-01  0.794E-02 -0.170E+00 -0.500E-02 -0.312E-01  0.578E-01  0.182E+00  0.413E-01 -0.123E+00  0.336E-01  0.000E+00  0.000E+00
  0.627E+02 -0.202E-01  0.113E-01 -0.164E+00 -0.588E-02 -0.295E-01  0.597E-01  0.178E+00  0.415E-01 -0.112E+00  0.347E-01  0.000E+00  0.000E+00
  0.647E+02 -0.214E-01  0.144E-01 -0.158E+00 -0.680E-02 -0.278E-01  0.615E-01  0.172E+00  0.416E-01 -0.102E+00  0.356E-01  0.000E+00  0.000E+00
  0.667E+02 -0.225E-01  0.171E-01 -0.153E+00 -0.777E-02 -0.259E-01  0.633E-01  0.167E+00  0.414E-01 -0.914E-01  0.364E-01  0.000E+00  0.000E+00
  0.688E+02 -0.235E-01  0.196E-01 -0.148E+00 -0.878E-02 -0.240E-01  0.651E-01  0.162E+00  0.410E-01 -0.808E-01  0.371E-01  0.000E+00  0.000E+00
  0.708E+02 -0.245E-01  0.217E-01 -0.144E+00 -0.982E-02 -0.220E-01  0.669E-01  0.157E+00  0.404E-01 -0.702E-01  0.377E-01  0.000E+00  0.000E+00
  0.728E+02 -0.255E-01  0.236E-01 -0.140E+00 -0.109E-01 -0.200E-01  0.686E-01  0.152E+00  0.395E-01 -0.596E-01  0.382E-01  0.000E+00  0.000E+00
  0.748E+02 -0.265E-01  0.251E-01 -0.136E+00 -0.120E-01 -0.179E-01  0.704E-01  0.148E+00  0.384E-01 -0.493E-01  0.385E-01  0.000E+00  0.000E+00
  0.769E+02 -0.276E-01  0.263E-01 -0.133E+00 -0.132E-01 -0.157E-01  0.723E-01  0.144E+00  0.370E-01 -0.391E-01  0.386E-01  0.000E+00  0.000E+00
  0.789E+02 -0.289E-01  0.271E-01 -0.130E+00 -0.143E-01 -0.136E-01  0.741E-01  0.141E+00  0.354E-01 -0.293E-01  0.386E-01  0.000E+00  0.000E+00
  0.809E+02 -0.302E-01  0.277E-01 -0.127E+00 -0.155E-01 -0.113E-01  0.760E-01  0.137E+00  0.336E-01 -0.199E-01  0.385E-01  0.000E+00  0.000E+00
  0.829E+02 -0.317E-01  0.279E-01 -0.125E+00 -0.167E-01 -0.911E-02  0.780E-01  0.134E+00  0.315E-01 -0.109E-01  0.382E-01  0.000E+00  0.000E+00
  0.849E+02 -0.335E-01  0.278E-01 -0.122E+00 -0.180E-01 -0.685E-02  0.800E-01  0.132E+00  0.292E-01 -0.249E-02  0.378E-01  0.000E+00  0.000E+00
  0.870E+02 -0.355E-01  0.274E-01 -0.120E+00 -0.192E-01 -0.458E-02  0.820E-01  0.129E+00  0.266E-01  0.533E-02  0.372E-01  0.000E+00  0.000E+00
  0.890E+02 -0.377E-01  0.267E-01 -0.118E+00 -0.205E-01 -0.230E-02  0.841E-01  0.126E+00  0.239E-01  0.125E-01  0.364E-01  0.000E+00  0.000E+00
  0.910E+02 -0.403E-01  0.257E-01 -0.115E+00 -0.218E-01 -0.203E-04  0.862E-01  0.123E+00  0.209E-01  0.191E-01  0.355E-01  0.000E+00  0.000E+00
  0.930E+02 -0.430E-01  0.243E-01 -0.113E+00 -0.231E-01  0.226E-02  0.883E-01  0.120E+00  0.176E-01  0.252E-01  0.344E-01  0.000E+00  0.000E+00
  0.951E+02 -0.461E-01  0.226E-01 -0.111E+00 -0.244E-01  0.453E-02  0.904E-01  0.116E+00  0.142E-01  0.307E-01  0.331E-01  0.000E+00  0.000E+00
  0.971E+02 -0.493E-01  0.207E-01 -0.109E+00 -0.258E-01  0.680E-02  0.925E-01  0.112E+00  0.106E-01  0.358E-01  0.316E-01  0.000E+00  0.000E+00
  0.991E+02 -0.528E-01  0.184E-01 -0.107E+00 -0.271E-01  0.904E-02  0.945E-01  0.108E+00  0.672E-02  0.404E-01  0.300E-01  0.000E+00  0.000E+00
  0.101E+03 -0.565E-01  0.158E-01 -0.106E+00 -0.285E-01  0.113E-01  0.965E-01  0.103E+00  0.268E-02  0.446E-01  0.282E-01  0.000E+00  0.000E+00
  0.103E+03 -0.604E-01  0.129E-01 -0.104E+00 -0.299E-01  0.135E-01  0.984E-01  0.972E-01 -0.155E-02  0.485E-01  0.262E-01  0.000E+00  0.000E+00
  0.105E+03 -0.645E-01  0.968E-02 -0.103E+00 -0.313E-01  0.156E-01  0.100E+00  0.913E-01 -0.598E-02  0.523E-01  0.240E-01  0.000E+00  0.000E+00
  0.107E+03 -0.686E-01  0.618E-02 -0.102E+00 -0.327E-01  0.178E-01  0.102E+00  0.849E-01 -0.106E-01  0.561E-01  0.217E-01  0.000E+00  0.000E+00
  0.109E+03 -0.728E-01  0.237E-02 -0.102E+00 -0.342E-01  0.199E-01  0.103E+00  0.780E-01 -0.154E-01  0.600E-01  0.192E-01  0.000E+00  0.000E+00
  0.111E+03 -0.770E-01 -0.173E-02 -0.102E+00 -0.357E-01  0.219E-01  0.105E+00  0.709E-01 -0.203E-01  0.639E-01  0.165E-01  0.000E+00  0.000E+00
  0.113E+03 -0.814E-01 -0.612E-02 -0.102E+00 -0.372E-01  0.239E-01  0.106E+00  0.635E-01 -0.254E-01  0.680E-01  0.137E-01  0.000E+00  0.000E+00
  0.115E+03 -0.858E-01 -0.108E-01 -0.103E+00 -0.387E-01  0.258E-01  0.107E+00  0.561E-01 -0.307E-01  0.722E-01  0.107E-01  0.000E+00  0.000E+00
  0.117E+03 -0.903E-01 -0.158E-01 -0.104E+00 -0.403E-01  0.276E-01  0.109E+00  0.486E-01 -0.361E-01  0.764E-01  0.750E-02  0.000E+00  0.000E+00
  0.119E+03 -0.950E-01 -0.210E-01 -0.105E+00 -0.419E-01  0.294E-01  0.109E+00  0.410E-01 -0.416E-01  0.807E-01  0.419E-02  0.000E+00  0.000E+00
  0.121E+03 -0.999E-01 -0.264E-01 -0.107E+00 -0.435E-01  0.311E-01  0.110E+00  0.337E-01 -0.473E-01  0.849E-01  0.748E-03  0.000E+00  0.000E+00
  0.123E+03 -0.105E+00 -0.322E-01 -0.109E+00 -0.452E-01  0.327E-01  0.110E+00  0.267E-01 -0.531E-01  0.890E-01 -0.283E-02  0.000E+00  0.000E+00
  0.125E+03 -0.110E+00 -0.382E-01 -0.111E+00 -0.469E-01  0.343E-01  0.111E+00  0.201E-01 -0.590E-01  0.928E-01 -0.653E-02  0.000E+00  0.000E+00
  0.127E+03 -0.116E+00 -0.445E-01 -0.112E+00 -0.487E-01  0.356E-01  0.111E+00  0.140E-01 -0.651E-01  0.963E-01 -0.103E-01  0.000E+00  0.000E+00
  0.129E+03 -0.122E+00 -0.510E-01 -0.114E+00 -0.505E-01  0.369E-01  0.111E+00  0.848E-02 -0.712E-01  0.994E-01 -0.143E-01  0.000E+00  0.000E+00
  0.131E+03 -0.129E+00 -0.577E-01 -0.115E+00 -0.524E-01  0.380E-01  0.110E+00  0.349E-02 -0.774E-01  0.102E+00 -0.183E-01  0.000E+00  0.000E+00
  0.133E+03 -0.136E+00 -0.646E-01 -0.116E+00 -0.543E-01  0.390E-01  0.110E+00 -0.924E-03 -0.837E-01  0.103E+00 -0.224E-01  0.000E+00  0.000E+00
  0.136E+03 -0.144E+00 -0.717E-01 -0.117E+00 -0.563E-01  0.398E-01  0.109E+00 -0.476E-02 -0.900E-01  0.104E+00 -0.265E-01  0.000E+00  0.000E+00
  0.138E+03 -0.152E+00 -0.789E-01 -0.117E+00 -0.583E-01  0.404E-01  0.108E+00 -0.803E-02 -0.964E-01  0.104E+00 -0.307E-01  0.000E+00  0.000E+00
  0.140E+03 -0.160E+00 -0.862E-01 -0.116E+00 -0.604E-01  0.409E-01  0.107E+00 -0.108E-01 -0.103E+00  0.103E+00 -0.349E-01  0.000E+00  0.000E+00
  0.142E+03 -0.170E+00 -0.936E-01 -0.115E+00 -0.624E-01  0.411E-01  0.105E+00 -0.130E-01 -0.109E+00  0.101E+00 -0.391E-01  0.000E+00  0.000E+00
  0.144E+03 -0.179E+00 -0.101E+00 -0.113E+00 -0.645E-01  0.411E-01  0.103E+00 -0.147E-01 -0.115E+00  0.976E-01 -0.433E-01  0.000E+00  0.000E+00
  0.146E+03 -0.189E+00 -0.109E+00 -0.111E+00 -0.666E-01  0.409E-01  0.100E+00 -0.161E-01 -0.122E+00  0.932E-01 -0.475E-01  0.000E+00  0.000E+00
  0.148E+03 -0.200E+00 -0.116E+00 -0.107E+00 -0.687E-01  0.404E-01  0.974E-01 -0.170E-01 -0.128E+00  0.878E-01 -0.516E-01  0.000E+00  0.000E+00
  0.150E+03 -0.211E+00 -0.123E+00 -0.103E+00 -0.708E-01  0.396E-01  0.942E-01 -0.177E-01 -0.134E+00  0.813E-01 -0.556E-01  0.000E+00  0.000E+00
  0.152E+03 -0.222E+00 -0.131E+00 -0.985E-01 -0.729E-01  0.386E-01  0.905E-01 -0.181E-01 -0.139E+00  0.739E-01 -0.595E-01  0.000E+00  0.000E+00
  0.154E+03 -0.233E+00 -0.138E+00 -0.931E-01 -0.750E-01  0.374E-01  0.865E-01 -0.183E-01 -0.145E+00  0.657E-01 -0.633E-01  0.000E+00  0.000E+00
  0.156E+03 -0.245E+00 -0.144E+00 -0.872E-01 -0.769E-01  0.358E-01  0.820E-01 -0.183E-01 -0.150E+00  0.567E-01 -0.669E-01  0.000E+00  0.000E+00
  0.158E+03 -0.256E+00 -0.151E+00 -0.808E-01 -0.789E-01  0.340E-01  0.771E-01 -0.182E-01 -0.155E+00  0.472E-01 -0.704E-01  0.000E+00  0.000E+00
  0.160E+03 -0.268E+00 -0.157E+00 -0.741E-01 -0.807E-01  0.319E-01  0.718E-01 -0.181E-01 -0.160E+00  0.373E-01 -0.737E-01  0.000E+00  0.000E+00
  0.162E+03 -0.279E+00 -0.163E+00 -0.671E-01 -0.824E-01  0.295E-01  0.660E-01 -0.179E-01 -0.165E+00  0.272E-01 -0.767E-01  0.000E+00  0.000E+00
  0.164E+03 -0.289E+00 -0.168E+00 -0.601E-01 -0.840E-01  0.269E-01  0.598E-01 -0.177E-01 -0.169E+00  0.172E-01 -0.795E-01  0.000E+00  0.000E+00
  0.166E+03 -0.299E+00 -0.173E+00 -0.532E-01 -0.855E-01  0.241E-01  0.533E-01 -0.175E-01 -0.172E+00  0.739E-02 -0.820E-01  0.000E+00  0.000E+00
  0.168E+03 -0.308E+00 -0.177E+00 -0.466E-01 -0.868E-01  0.211E-01  0.463E-01 -0.173E-01 -0.176E+00 -0.185E-02 -0.842E-01  0.000E+00  0.000E+00
  0.170E+03 -0.316E+00 -0.181E+00 -0.406E-01 -0.879E-01  0.178E-01  0.391E-01 -0.172E-01 -0.179E+00 -0.103E-01 -0.861E-01  0.000E+00  0.000E+00
  0.172E+03 -0.323E+00 -0.184E+00 -0.353E-01 -0.888E-01  0.144E-01  0.316E-01 -0.172E-01 -0.181E+00 -0.175E-01 -0.877E-01  0.000E+00  0.000E+00
  0.174E+03 -0.329E+00 -0.187E+00 -0.312E-01 -0.896E-01  0.109E-01  0.238E-01 -0.171E-01 -0.183E+00 -0.233E-01 -0.889E-01  0.000E+00  0.000E+00
  0.176E+03 -0.333E+00 -0.189E+00 -0.284E-01 -0.901E-01  0.731E-02  0.159E-01 -0.172E-01 -0.184E+00 -0.273E-01 -0.898E-01  0.000E+00  0.000E+00
  0.178E+03 -0.334E+00 -0.190E+00 -0.273E-01 -0.904E-01  0.366E-02  0.795E-02 -0.172E-01 -0.185E+00 -0.290E-01 -0.903E-01  0.000E+00  0.000E+00
  0.180E+03 -0.334E+00 -0.190E+00 -0.283E-01 -0.905E-01  0.560E-05  0.129E-04 -0.174E-01 -0.185E+00 -0.280E-01 -0.905E-01  0.000E+00  0.000E+00
